11695
98919
64963
79693
18448
68021
75515
62516
38844
1874
77261
51922
94823
29789
37256
70753
79950
79054
1332
14060
49387
84008
48911
10389
10059
44209
31291
29061
68427
68462
16913
90667
99291
15812
16455
45398
31809
203
87940
69797
55021
30896
90548
5924
67405
87536
58450
7392
2706
37177
21726
82588
58367
13909
38216
99268
18130
77761
87398
24014
71286
57328
96922
29514
35891
35408
70017
17697
57789
38208
68034
96015
2210
83932
64913
61827
96667
30168
59444
56699
3861
34665
57587
66614
37971
91219
2773
69711
98677
91364
25129
82211
91065
98811
90928
98174
56685
83645
61482
46528
70418
2191
74026
8035
78234
31842
87444
19964
33895
48720
32331
97700
15129
92161
82937
46257
11259
20761
51079
61868
70560
38582
28216
92522
67461
15234
45056
76550
45490
6807
36981
67254
64326
21239
92089
95923
77840
28821
85174
23232
61638
30750
13639
14993
83423
61520
76761
92449
67387
12647
8404
60727
67684
71001
10642
89411
12434
4409
24805
25653
46569
4389
80207
54553
92157
6406
4000
77089
6371
11439
69811
56776
77682
83550
73180
29051
15917
2189
63298
51448
84710
47362
25895
82301
42849
96814
42528
5534
62591
40300
40738
81436
46768
90220
53976
87678
79162
41504
32749
6012
45343
39151
89973
87081
62763
36765
53298
90977
94527
38759
25166
79529
54581
30729
58480
30877
73242
51599
86909
64364
70533
65041
25266
47926
77621
87304
39963
79339
32524
28495
54517
836
64678
46420
90876
44510
576
84780
90407
37847
97717
20599
96241
16024
49063
98208
45939
59854
19562
83085
60359
9573
55517
84506
55311
54366
54682
43725
18162
7871
73142
55637
33100
52042
54213
9542
54378
21035
90331
23351
75810
57967
81741
954
93029
84163
63053
491
5050
81117
94798
62177
30908
36574
46603
6312
92931
51009
80866
6452
28366
73628
26423
53165
45818
64701
82105
57106
91269
26361
16115
30596
97484
7071
25302
57724
48159
9219
29612
25060
68322
11532
65919
59487
32440
77740
77615
9960
97316
92141
95745
24379
7641
84851
14566
27913
7858
50781
13066
95301
85725
45012
70368
34574
70307
33447
99847
5724
76035
80050
62832
39529
80020
47205
1126
59324
80552
45699
9977
97966
36252
4964
98669
21788
55310
66962
14600
42673
32200
5490
7011
61037
31157
62705
92376
3699
96774
37486
88947
91577
46496
24372
23217
52746
59425
9369
99045
4513
51637
95157
11953
12074
60804
48563
40626
80791
48921
31002
87192
87855
81270
86739
48505
41332
64886
64263
5258
18158
76530
36106
53456
49121
50879
64107
71224
96067
26665
73420
57585
41047
39235
86639
21476
56906
28191
99516
64747
2034
53793
40381
6704
67391
94297
39692
33677
6816
35832
20369
57551
96501
50053
11832
31218
63581
26585
98765
91922
40065
56980
89390
83333
20393
9070
73236
30655
25790
48154
90394
19614
39712
64538
30652
77249
83900
70966
80738
27322
36640
37374
87975
53356
10555
99700
96723
32080
26473
13176
62837
31508
75840
64234
80816
18499
89775
57222
19143
18888
10671
76600
79891
73901
91045
24182
38555
60889
3549
54268
45009
57659
3515
59920
10096
72569
79565
17181
83959
12872
30087
38543
24306
40305
36939
67721
160
5286
988
2568
42642
3407
132
52630
86068
96332
24924
11416
27917
89530
86047
39714
80475
15626
54110
2671
33145
14204
1340
43328
16622
50664
68793
52145
99513
41921
4148
6578
29682
35062
7353
36867
11509
32320
49486
22205
74313
22670
33767
92964
60449
26798
65638
5895
99034
59807
72564
85911
25138
1386
88075
89146
72143
15297
218
88310
91652
64376
52037
47561
2702
51944
46729
24483
28970
4027
4446
4999
3392
52001
93359
70383
45062
73453
18862
5719
39399
79929
64762
6124
74205
17602
85594
36214
64714
74213
28409
84647
83554
59270
78286
46675
89507
72206
74780
82883
20000
29892
42621
75000
10489
47173
91404
63932
74487
13611
56821
45624
39275
6882
2068
69214
43358
38317
11077
87743
31178
34491
92860
56299
28805
67489
79319
6513
47577
53620
27677
8819
81289
34949
82231
62241
88444
52844
49053
27918
33524
78971
34814
76933
49919
58703
71168
35325
71057
8620
41081
94136
93175
22585
19233
7027
11253
48527
4578
4974
31590
49086
16699
39131
57255
31754
53329
59120
36020
5007
11859
80311
59252
93074
98283
35428
35828
26782
57920
13521
34616
85002
83335
19344
25239
60823
40493
90895
6938
31995
71538
5497
4068
84196
89610
54408
2694
30438
38081
53728
1792
42016
53044
10657
61319
33126
28382
65303
15627
96098
80563
2633
61950
23408
99944
59011
66021
11203
22769
39331
50674
86655
30822
83302
58843
29796
37558
37703
9502
89344
15575
57566
68015
4169
12165
23329
41993
29317
44002
25418
36842
84910
19861
97901
95806
50054
30487
70963
54782
36515
3337
17169
7708
17771
83046
56947
29662
27468
56586
74985
69626
71816
35687
74588
17475
64849
69426
59986
92099
81831
18519
2463
54080
94618
51796
46542
88547
84799
58378
34422
33111
70142
87129
83426
44241
79714
96139
33748
70026
65691
69878
25942
67071
64076
85494
33927
52743
20488
99516
9869
95553
65860
7308
95821
12726
45432
88231
97858
71953
99227
92524
95392
75213
46628
1485
17034
46460
79744
71013
62625
81328
99448
92440
82001
95658
59015
86208
35596
18137
87700
16187
19475
13774
45296
60352
35221
24773
51163
35507
26608
56081
96482
30529
90987
75085
9074
4450
45248
92594
10708
41376
41799
6512
4713
89396
18746
58623
27964
27223
20823
84551
97802
33952
15300
19791
78773
86313
61097
13454
72244
58254
9891
39245
13157
2133
74691
11160
33034
91984
8175
73554
53540
13508
48450
95792
41091
11863
94775
54917
34945
61565
5914
68322
72935
71926
14741
97373
74350
37687
92773
27037
33767
84410
27255
76850
28007
23828
48392
93307
56676
62966
57199
47675
87861
70854
24009
78232
21281
80686
49638
63934
79635
80144
82509
92683
70250
70746
85356
78530
31852
47705
49807
48035
29559
76584
66992
46908
22218
53590
81245
11787
20015
78750
77216
49908
82705
52778
81192
61177
72312
68802
84530
66533
92976
25849
96563
92093
37769
31407
62083
87213
5224
10771
23598
91441
95763
2536
59658
1173
16379
28659
85965
71309
63285
41225
14123
97552
83990
57029
27327
38589
64791
77965
40561
28278
32195
94939
68122
76800
92516
30115
10845
64844
91569
93731
32163
50822
