1
999999
716730
15680
172317
926558
931472
445346
703201
234992
96942
186222
4832
801550
444492
379986
13821
321753
776919
606240
870342
116346
890240
425618
290345
725934
594485
171450
596382
5088
551882
197863
647284
862235
654295
245863
914289
102307
323570
420738
512956
346686
420317
45893
554209
247811
813016
804267
693976
757575
849163
784605
269339
279325
757868
759799
58813
425108
713883
269214
651339
997750
378405
105304
10988
368109
380305
679777
806597
558994
66239
560966
818552
683317
407048
329761
789385
382621
582584
145807
77975
128448
967806
254344
503017
494906
320716
415450
338956
381831
21885
729821
61736
117267
445682
831310
345246
758400
456725
448291
73980
833226
380886
437863
661424
714604
474069
506319
967405
457299
751398
502512
335826
159556
819099
354306
410408
751469
871128
42608
328466
732542
802301
52032
456748
665709
570791
106210
322163
169019
232364
686073
381368
432360
601976
357083
745551
662733
170128
15625
260160
462387
724993
423861
854672
983286
908412
17900
615540
838398
1623
164648
620278
376939
437640
193179
94830
915177
174235
831673
771971
276027
520222
704348
129893
91105
656020
831562
728303
930507
16454
713493
176913
185063
752173
377450
993050
248864
548833
255364
637391
216543
656918
485757
950357
538500
814837
148726
871919
95157
690212
147108
906148
599207
765186
46145
893597
69821
514124
177483
58957
437468
750667
107143
900436
598671
527572
366628
621296
768185
404887
852249
591029
934035
642080
278061
555536
634074
316965
972361
238446
313711
9829
461381
649697
862413
210868
397784
625227
518564
876081
187459
997574
674613
5471
453516
227201
825542
232048
317523
934542
176796
610580
77781
353409
729598
17090
416320
711580
525668
980860
907645
618592
11406
894120
199553
605135
789917
203137
411115
296688
217803
105777
318959
746514
755405
113455
938499
116776
926262
26112
419798
861197
528014
528866
777350
762755
679168
406703
787204
78386
514832
884806
74242
440936
259783
252043
102409
120981
504729
589391
377926
806080
18522
608805
751899
814823
26940
871028
42432
674798
690683
89341
124474
305351
13764
982172
755108
563571
486796
82508
423369
607147
416802
767988
202298
294435
804907
222236
169422
538823
453622
171946
312808
865132
978717
457697
607815
837803
501653
525449
164988
789696
412187
369775
554811
130246
889003
349917
864894
24764
218400
334896
214053
940485
912581
611809
405766
77000
631700
188125
826158
506691
727660
695556
633172
866901
435317
342898
833233
752050
483094
289235
423076
354223
934658
297349
855248
227487
286463
881434
714542
794796
839666
764992
271299
401618
628391
309467
704751
960260
125127
18516
951218
182719
308172
901022
400659
133156
254252
904456
754865
428134
668261
846983
56458
672383
926882
67810
916240
43576
923380
416903
446234
737479
384942
345529
629635
347211
341939
919540
697324
82614
115454
848440
616579
835436
815087
461525
900962
753942
510507
312321
640517
712288
706254
388622
399756
642365
58246
773072
535409
55897
646796
808029
229985
721590
490086
344907
928314
753192
779157
804424
821484
915929
902647
847761
240292
764996
166873
99345
899466
454675
771837
582421
689618
293383
697999
828292
648616
184935
846849
32800
741611
263876
115525
581145
796543
695129
358024
823832
679923
887760
498430
805931
479831
292427
154850
729866
773205
161578
142103
552175
843490
441917
320785
901504
862404
536609
124945
748454
133240
800080
700546
957353
818646
111525
50174
463875
404819
657318
100092
100303
92346
60029
299019
490706
704429
187458
849263
8481
952307
646295
340803
591458
315045
347406
264135
50439
700293
262251
481284
114188
340495
138931
945179
206661
554370
750227
273332
384004
24777
464214
634669
965722
295975
481991
72141
181139
677999
177486
635835
651506
79091
206566
324527
232401
651402
404187
344637
397174
218367
200192
635996
418706
346392
258265
951102
626398
290311
195699
578114
921164
52194
920578
146225
178995
818875
641095
276878
861472
815846
87753
350526
735812
515054
412844
655719
212512
451092
877852
80628
285905
277621
984121
174847
477066
732930
827233
863944
464394
52129
439621
3319
606481
945653
154132
720465
596890
926466
352713
632663
973345
895706
891649
53988
806344
476319
771504
529387
574525
959312
762129
288723
407259
387295
524167
839384
346058
301840
231544
745910
147675
606215
577340
883421
736780
466785
551640
742874
508577
379902
498664
508378
101589
475791
715064
654322
82306
942102
831014
357237
648318
499185
669918
90569
528231
797604
567033
36007
413495
802957
237639
118060
471680
885234
500249
627459
888748
357017
29326
682571
910208
931801
480930
842002
264614
664743
573944
216977
430504
857781
14179
17685
116909
514580
57089
434485
125731
701355
356027
348179
519155
895758
810062
323088
990696
592554
437633
911129
823615
971789
13219
120969
147396
953413
919476
994014
154972
564051
747781
332150
774900
108849
872965
483532
84067
137468
184877
431114
565488
109783
966211
256072
102662
392182
561777
727984
148318
786003
628215
351660
955441
900998
890483
928691
843928
88409
182627
891767
746540
278297
811250
505139
114527
326337
865064
869745
295714
143908
775229
920247
987168
282010
386976
350998
439120
610402
338323
431283
2845
330296
225264
974272
721898
850697
399952
772437
824963
298798
236212
328983
103560
980034
926455
960003
520173
343274
719925
501372
903321
709624
900725
512595
371995
353582
603182
384867
768935
308808
956117
327104
370548
817864
336355
745557
125760
62489
622354
130827
200693
774605
791393
6672
614085
575825
912305
427282
272442
209196
872717
285099
523574
247016
924093
543148
954531
472668
930543
472379
926971
470662
626880
74876
572473
879428
145227
151604
196343
250070
980580
797789
776985
701946
919163
312670
870086
159253
677663
286393
380451
669348
149987
607344
70465
293250
939853
284954
895446
31421
294842
472691
807638
199217
886416
921418
244572
696699
863900
636669
413169
444546
585683
14532
22645
37930
905092
160714
653623
19254
772482
251261
178826
363187
591108
274499
126414
515486
832281
35281
255622
279413
90041
505383
879955
848079
1439
647308
851829
248217
389964
528850
210697
343703
850773
835518
573394
326586
349786
702235
659059
729724
233264
270950
955586
12173
735218
998257
252305
743278
754801
626278
662329
217876
855010
412687
305318
952922
451988
896864
246064
166152
397071
48688
843502
892416
935462
245808
705816
211753
346333
970872
903699
186271
627144
830891
191343
727146
49390
489824
945208
99823
684418
468426
753075
689729
647301
474249
480789
157760
197331
857843
539609
394214
822562
292821
126434
447126
605226
890616
436349
689562
278726
462465
581449
480888
507476
4205
706279
856198
536984
447066
975588
56483
787455
494016
672973
94881
848177
821076
659784
766434
359417
797211
530055
715693
404700
724395
624999
120814
827540
222632
569238
644644
708321
790993
254578
44011
609294
268964
409937
351063
879662
307208
47268
127366
890707
536214
193895
650636
478993
664327
792533
186566
29029
866022
492815
868913
48311
324466
999532
50396
729864
659896
640785
564515
488504
791941
892353
136397
604799
139331
905671
631979
862659
285356
674847
912169
915162
688669
539635
353793
23554
437756
516078
274435
697877
268732
281891
229251
194595
603396
581454
565047
791022
956690
961864
585338
110115
683573
614354
623131
849923
69288
648005
806761
506288
120740
55401
41329
601405
422016
843389
516762
842178
525562
843377
101846
650829
595309
923397
954305
866693
734391
164461
209222
496381
714181
758720
547524
49816
251778
634320
156813
430086
798689
675205
182467
181784
247948
381019
390571
9618
323605
705348
421838
902781
590405
211461
490025
547636
195997
178720
834316
281068
223723
458405
573334
879671
810645
651977
56157
726328
60117
696225
886402
777160
611650
695475
78222
625180
240875
554231
591723
45230
115213
625384
738492
803148
756632
774448
279852
996986
426478
255516
451693
56041
572545
85232
122542
857379
606683
800740
533297
120300
273911
455612
563100
960206
243965
648297
833966
822369
548108
488669
548644
318253
200424
496961
997510
871883
537934
655984
996183
70075
940537
434365
923957
787877
799559
535424
722334
826988
283447
607691
743645
832202
211267
388922
213293
751195
929595
579462
955330
610017
77174
675896
392022
689623
140259
37928
651970
733004
656752
864345
50999
5780
160605
928789
553121
896656
34658
961808
125926
784460
29786
926842
735423
762894
375741
354066
684206
871437
311503
793181
878338
238097
294928
337421
912834
784923
897054
351684
368045
939446
753137
559721
804228
672810
866325
260066
600142
964287
834872
70029
888857
164614
669398
91294
184845
623521
146628
659126
975579
666927
50963
49402
812892
370396
172579
310603
981744
946561
278749
717606
94998
553492
508220
228678
91394
639261
406839
316222
561982
149045
805429
425438
145403
795264
214231
730641
367033
141493
503328
862368
771695
436746
356578
777980
288777
533524
405790
754101
385145
952887
800650
513370
225054
80927
95849
875171
336526
391050
529059
196893
708080
444329
919994
634164
21059
178460
272769
385052
723871
985315
245569
724554
730388
459885
456748
949609
485644
133037
616439
404873
652320
544965
597844
990987
568856
12938
666959
407386
546762
800038
813852
830867
765697
412472
127662
664702
851239
537867
303006
677033
693319
760453
842530
985583
818619
719982
965583
262159
888936
97611
150954
396204
425962
231222
733463
439191
927280
784522
288014
293485
839935
692151
766079
494870
334349
855368
131256
8980
30285
635998
797510
171823
355166
448281
445239
559842
947323
615759
10208
450586
892269
493637
92184
286137
848540
772844
200881
973207
192773
74310
777460
450360
101268
927195
117288
94492
373388
123436
585460
848068
63992
155457
81458
217754
560737
675060
842481
116415
132253
294790
999653
123611
871501
198318
29119
24998
412387
872598
328354
794926
634947
753923
395767
488024
176701
394415
80039
628239
68191
389184
312473
825183
902208
705320
313684
495019
127310
876162
634551
786329
600982
87691
471122
360622
403179
645724
272313
475927
156098
351966
45205
491515
360408
664280
288447
456879
578584
214043
751848
798391
688619
703384
919531
122356
537311
291820
579820
425970
219498
747955
327027
227543
469089
552363
987037
876703
972091
586227
637292
295279
89072
718955
865411
496162
673658
310029
634199
427348
56379
999656
886045
904217
205118
25064
391849
196952
812412
532309
687203
543134
96599
891562
20533
591612
279490
37738
27662
316651
604545
226449
898392
41000
961003
929052
585326
412404
749352
660419
944401
694733
640974
141622
491545
13885
651815
253469
857211
32900
233411
533109
126218
974698
877206
152282
750572
774728
347737
48940
697602
897912
782319
836390
259228
489612
692037
858192
48054
756834
700006
345862
577115
120798
55034
424110
248280
150433
578369
709123
601474
617324
601755
297372
498601
499185
838116
203923
593016
951810
534552
803564
385011
190396
974045
222686
698573
178021
133759
775800
6393
554002
442511
905278
448445
941982
332941
246032
200948
673708
395533
167953
391485
378074
639679
793023
414958
110759
797454
379804
710195
716721
448858
122009
444969
147264
442590
832181
403729
176134
513125
594645
627550
426963
188968
413189
953948
471100
701254
146352
88130
209861
619303
927632
366032
830717
813903
651258
862973
270685
933946
609007
515740
65615
838273
844219
255122
94864
443979
333889
829474
213506
731758
301829
251583
254456
917204
398231
858552
617558
921937
500476
27606
865460
601303
253612
71569
22063
864628
437699
284862
785308
411867
142613
602131
657238
523343
663527
65965
10317
669745
245449
787909
952525
57455
705510
788554
739287
789822
931921
422572
552683
139409
152217
274655
131360
130771
212058
669297
941855
81062
566893
710422
77898
228644
523202
636019
495876
985281
646925
950798
683878
19246
229163
761660
986749
811768
562020
96902
465152
69799
491181
953546
773592
557077
935807
63057
544474
86216
33347
519474
608116
686990
515306
214924
757746
538511
774393
640641
593439
613367
57417
471703
679521
460303
852270
390898
207609
449521
68123
42839
547210
9255
882541
64001
54527
770979
671143
228128
822215
498749
627710
112674
464891
66668
617023
728562
614212
860761
673630
616388
843895
170742
936624
510143
913439
996525
723529
105064
421988
344997
692211
509875
331884
201825
897671
262390
705165
339714
103533
937856
94848
649359
980501
216601
682255
474814
402586
500430
967259
646791
830859
955749
277273
968087
484193
281568
813541
969878
636204
457474
370424
564683
816383
237026
415254
976140
690412
884675
271926
911843
806764
689060
436349
428415
90535
403817
632754
835940
730145
672623
927085
524241
216115
305732
328316
755296
589682
356743
703542
722887
89765
570265
83581
237610
921744
948878
601005
125597
658896
929322
270896
801981
570266
436110
438596
412248
747955
683793
999796
184742
887313
59828
703147
571720
327571
62827
99606
462088
736274
922084
683249
216046
97798
360925
113938
123741
830116
701323
35630
27620
114743
740603
413022
893756
895548
850411
314434
305348
397861
111888
559263
890624
849728
903323
304514
927971
151621
405561
244983
238207
918024
508103
995003
606783
992525
242102
91344
435023
90920
811216
345395
279520
383469
490521
472061
928128
671857
480690
77111
346683
995030
333398
689769
228879
687559
554162
10063
776040
417755
96863
162549
259160
951100
504047
547787
591572
738589
633024
230371
331110
239627
482505
242006
401326
197849
88322
388903
821606
671400
150711
145142
853244
658554
244425
588467
124677
966007
471960
462251
341665
583269
708835
962229
755509
341280
570862
308883
665795
183205
945724
830538
301256
589720
281584
630968
794477
549510
531747
560555
264870
844617
63022
461514
821615
358178
94761
867021
238058
855494
811122
453507
240014
600676
61310
400699
591292
614127
243348
481088
72998
555147
206346
998627
358200
482735
992647
313556
483290
96977
726463
626457
767664
75099
565407
349003
116645
768200
50830
577157
27898
906939
39099
34499
77699
690882
228409
522962
202044
138642
814600
286535
743476
43291
737405
188932
678739
647810
983792
787263
892046
624355
289042
364788
36021
443504
281705
771043
123885
491362
675764
889759
24042
452072
472085
177951
672025
138219
673550
312731
443931
464121
132543
297751
454878
438211
437440
33945
666137
164128
341925
719314
228915
874259
309103
811184
460807
64793
807446
993381
631709
469869
777065
73367
999667
650682
323212
823378
212687
570812
333570
987781
120536
144718
155177
190845
101961
26766
314923
206394
214231
381089
509915
724048
815298
144344
937248
166549
671196
159508
973634
193824
752456
455201
989275
510194
394412
677081
290849
958554
72947
81606
574370
62173
354481
837464
952969
315571
434343
400796
658067
866501
746857
285613
223262
873455
734761
408432
63436
574179
753202
286831
414108
481500
388192
858692
521504
445902
235708
287639
89016
437390
481475
140254
601276
645027
420743
813333
519564
579621
871994
845117
105772
557897
380622
737446
437487
416201
155591
977890
559924
626196
416636
55708
820692
124163
466901
666788
688640
530437
430032
859467
927534
931886
25353
765152
70025
997535
293607
287047
545709
153475
10709
154619
620350
646386
488320
799326
317622
442474
857479
83891
536254
300366
743601
267131
214451
863242
723224
814795
704131
144498
234298
706080
300903
895806
297733
360889
272298
266955
652597
122537
204626
566099
564106
914952
301889
444022
790433
685674
871132
252158
853450
368703
701918
937742
512677
769119
638184
752102
635563
743855
346901
213911
915389
425024
935463
207055
440394
38994
480661
316962
548009
524161
618319
386201
131967
932779
874134
402480
688566
409002
689371
751848
974854
210610
159256
766142
645022
450851
670705
67404
81900
451990
242599
510820
437418
21801
54977
355227
873063
206272
312987
310761
947027
186065
185468
363886
410506
676101
829804
454843
585858
277713
459909
605570
105264
283940
869022
510753
554437
555239
470543
150401
475797
43823
326628
516713
466927
952633
82343
163798
704955
622571
207026
351464
157537
217143
785739
238862
356057
400126
672391
702932
452153
151351
835511
756017
643132
400363
647373
993305
362475
925192
783894
786863
151651
928594
149897
867146
729592
900911
402836
45198
392073
372936
486080
858479
510620
786434
479917
803595
174132
813201
68700
913991
889460
124530
727714
303621
405675
340987
668663
746953
14833
905073
717949
535145
800152
774702
511803
383072
336708
12470
344737
284215
235090
472954
519360
419261
243316
482986
664532
473726
4513
185895
347521
670184
142866
474051
37174
77512
768474
835150
360272
853609
760767
887
706438
724880
461102
325437
940990
295765
68853
681010
790131
823939
159710
957775
235919
875666
900461
775326
59081
442119
930409
964360
353980
404140
359026
374990
733584
590005
756871
167327
44492
118427
414892
172000
893953
307858
458025
991007
951626
676884
861220
972985
861391
217053
518810
742740
801122
971047
375647
167120
732219
80385
572188
295749
966643
325723
35398
238297
739684
562723
101688
293628
114540
965001
294880
160081
589615
474981
487424
87516
701441
1732
698481
862829
502594
624281
690537
286868
869808
506694
777138
115675
419649
260340
263616
580434
876329
481597
771338
684694
57250
62871
488983
192504
274109
419035
535214
876279
152838
67047
167035
905907
570476
34269
472805
171186
23865
199489
639982
769620
390422
535836
365363
723680
401301
798387
135104
767931
500792
358307
694960
292542
189426
434430
406629
237920
840992
679742
900602
749075
778462
82430
863449
793163
592366
512894
754211
315381
965052
913525
792705
200064
497955
141822
792907
651955
847940
593809
22166
753747
189508
212835
118445
286690
142005
866179
184501
326372
331614
900871
647388
49113
249954
122633
443213
201344
709592
243151
828092
723274
847922
181142
694465
488656
918887
48161
633845
304478
690243
754473
125514
492922
694383
133267
714264
207416
219824
159822
293004
220448
616190
533049
430671
308651
7356
442438
763552
492184
461865
242425
819469
595891
522923
823517
418422
23235
586265
706749
146066
911671
735314
263601
526427
909214
972832
274675
559880
598960
498366
738982
994377
161988
186268
290020
747553
394402
448223
966187
889114
744211
774665
297651
247253
947646
160514
709985
183407
945395
615653
989322
130634
585450
788598
704769
143938
266986
280357
639020
130043
49226
283454
50088
14413
668629
464291
19196
647482
653976
471441
839947
135132
41030
134736
31904
190402
551248
861018
278633
630602
291504
590256
503254
357493
592888
540352
12450
239757
905560
505674
592662
947489
178536
5453
218459
833178
949637
155554
536185
943218
765532
113816
181041
265142
246140
187415
219901
252808
103147
751440
682072
849090
634259
704930
956992
823817
32133
770354
522517
493927
823184
416217
797148
702297
650449
653707
972812
543232
576371
3605
947898
455749
397024
547836
498077
142865
132231
54690
833855
510245
869142
681946
487121
303786
995629
267336
71823
644202
488320
220506
240868
218406
15223
458255
528058
794231
544957
402363
460632
550313
950326
909083
636104
708332
647473
196204
555776
822795
76167
976088
807501
818974
226377
119590
599146
240614
185233
823793
986281
234217
293380
497254
257868
732973
881682
665950
274101
574016
70306
22682
682890
436731
281522
191370
671996
47173
178995
158184
178140
249470
623075
952843
136357
887215
550180
121725
922534
581112
517953
980274
770654
799176
990685
897794
656103
946293
743366
819307
215123
68378
963033
609412
200396
517042
738183
726583
938383
618023
399672
367926
864780
804572
510288
232706
299967
840008
772811
642048
346843
951915
735987
951602
266202
510241
433407
462240
546033
314852
884658
192892
866152
223377
31135
985468
115286
963232
161625
116588
189157
130935
151541
809974
389785
429550
579901
930189
600537
869291
783067
368399
642254
725958
404570
580052
482544
727961
479769
795741
871888
87015
808997
571131
856910
344790
524320
187880
753074
263163
343063
886009
873411
894679
713177
518161
317127
251740
448916
965423
466951
996226
111608
303183
360450
945450
265906
362626
590292
944988
468395
247272
898442
795422
670042
226988
911668
240384
648520
733008
880189
141312
769793
354479
240845
988860
537930
147309
977912
726656
338977
498592
768731
627253
428435
130834
496048
136842
668070
349240
457963
298952
603747
236991
890902
864792
902357
792485
779304
809277
762489
803923
370783
34234
577198
150548
87379
802506
702016
150732
375940
18163
16247
861052
980396
449209
19832
162253
267775
462974
786600
42294
640420
369647
646637
728983
905584
658353
875965
927416
949268
4071
526310
103021
615820
517574
109504
578871
955531
560420
988339
754311
331690
304642
640190
273929
757669
931096
638722
100884
146699
14755
343804
373227
466691
687762
74755
302236
380455
851492
83499
110195
659901
258799
460484
661526
870619
574225
588827
8568
331402
538034
289854
640643
962246
508006
574806
635515
226363
71818
717887
962383
617899
281526
428524
535751
896097
122114
748459
348428
9436
7311
282365
958933
367126
15340
988443
939043
573410
250407
245317
485577
67403
922431
48286
387306
905778
604121
534075
835849
875361
617865
619823
159044
750288
457359
46810
405670
175173
431003
328190
543869
581045
924176
719
74238
48055
3074
868717
954149
705491
174257
763626
932549
588445
766221
190286
412816
231436
389228
721740
731703
277275
213314
613187
23684
764545
941086
491827
223604
451103
655296
678219
786395
787765
58019
484540
505649
195300
704110
24120
734118
209356
59651
136095
165906
822762
264165
489573
372347
619500
93453
48586
984336
930371
947021
491690
259011
426107
933246
59021
458538
118681
889075
341707
925704
840916
688071
20415
660817
620525
759377
653518
332248
82301
231732
47072
43591
349483
595167
432032
91350
265380
519549
650503
963173
5578
390529
483234
908187
159187
325032
469476
542064
563427
383665
450698
499944
910029
149221
382490
66626
614743
919922
285237
842155
697299
22752
834101
253306
717976
577624
23587
597672
303198
279710
368379
171180
431760
294982
901456
707005
822235
617833
568144
465740
694795
881668
41336
189048
777096
543158
506872
945708
364874
639708
584255
662727
297448
891900
931555
691886
973350
12855
844961
152313
73873
941414
656978
960432
589112
339891
316893
940516
951658
120614
585395
891243
138656
654250
322174
81482
565405
348602
631983
935139
69545
393478
132898
74536
865710
10440
594281
379765
681192
878318
989545
206435
878803
660340
110828
407494
527326
495033
198000
841403
911083
589998
91852
18948
320200
265313
452429
971393
588855
517765
831802
583360
804798
430314
332161
535909
39654
337623
721504
289534
219196
149284
362433
861095
406681
445049
731666
298297
190244
49292
333671
489313
31423
321450
882011
985485
114909
223930
562449
236164
152746
895164
634480
354867
871772
671377
666964
779137
722399
438077
300936
869825
248957
888482
984298
251032
797864
169857
893521
570124
611332
243780
334422
949528
151920
593321
680622
240757
222094
96161
361589
894720
470195
956059
527237
337434
430690
414205
81341
928104
338365
430023
153706
872962
827495
288148
163341
665044
10765
689810
643888
324305
980173
123656
400787
70309
604516
232936
3347
862104
319728
756870
230919
157796
610286
36803
343629
286488
181760
891538
619297
741359
224416
918946
663350
605845
406492
750100
73051
383931
639692
806086
120181
768552
797207
532843
659825
173470
29432
110474
135337
913772
681553
164085
408609
91319
600173
786980
4504
447482
997939
461724
173700
58095
845811
858315
661109
710071
947578
697594
548844
28098
764290
488191
2866
514387
989431
637373
72102
851265
923029
990740
562265
425492
583554
245357
102467
192290
651250
204407
765179
588498
165528
243057
786703
11205
290553
322254
967404
687451
495376
340069
403934
854278
49893
696019
963306
193923
661969
297966
822957
888639
349514
452000
436871
766528
946973
856757
218510
645669
864711
546957
892431
722139
121065
355925
275044
873955
467112
961897
162156
785963
26271
803574
390770
978438
924270
693116
367409
338535
143406
42196
387470
530929
709225
472109
418989
520400
676423
586126
420926
83076
143694
697130
111218
149204
807874
581379
671474
548135
324032
878563
558359
667715
813305
511488
997697
356800
38717
777104
106297
564559
524737
718052
604806
417234
162057
801677
864495
86524
891650
934479
772938
970566
685179
140977
813716
318101
419000
971161
485123
636667
293593
267327
40899
624938
565229
706357
782608
960156
76032
968187
92290
804510
195594
830694
26914
403452
81651
798377
848694
676959
68509
122309
5245
97517
253135
575951
718033
520285
231105
643414
215093
257120
747686
263264
242473
629132
562132
473711
478902
624987
348816
561413
294958
333652
273912
734521
540565
357911
514042
213219
745319
766678
512358
376118
880528
710243
289794
384004
59406
544544
840226
39189
499930
503258
763299
579273
170670
866579
776789
109307
101889
906190
870527
997710
720857
239996
617154
440431
114166
400317
635139
744056
925930
153979
497898
271664
48314
612358
935479
248555
73284
732580
53421
646454
30018
149871
750067
466070
978062
849786
435942
983048
813918
850559
473939
354696
485433
134102
330160
215295
502938
13613
729074
565193
507416
538433
892921
442691
186548
781600
84148
10270
812714
390996
841919
154426
588039
836212
252295
800703
792959
835158
170077
805942
66591
507711
28889
122026
350929
450662
947769
766928
287978
566756
186655
545638
463625
804631
127716
448162
504452
951842
426035
251729
68167
869157
686720
11124
370689
133237
851146
802528
300121
895096
72241
74021
875717
573143
789611
113252
907153
310729
333612
57236
306372
98951
236485
293737
483714
907988
86223
16763
530539
580872
502850
132058
717467
42309
591640
197009
430363
590264
269039
609334
846358
720992
310179
301639
211407
106667
619535
153719
609282
103200
384738
990985
897053
323013
872329
486183
96336
60476
137116
162609
607595
867390
347379
928308
441314
212817
193177
414416
16839
21649
847039
26825
40147
911074
857321
22492
448587
716759
655674
860889
561134
942764
683249
212956
624691
770896
391744
666652
789854
256376
421117
75474
754468
11565
932780
996606
505474
331361
357285
212667
112690
658984
643027
862100
155310
223179
578551
572624
805376
30601
935632
522765
764336
878885
784135
841080
80748
148234
456870
279639
86236
606020
128084
39936
117563
341153
446622
649012
747486
855811
603598
993407
987300
297295
346164
225083
379506
813371
292870
110615
419427
692897
736648
39793
4839
712771
731765
528903
178887
225029
531925
492660
800567
7735
164661
644572
39057
593771
747075
222100
872405
936179
804169
158310
118033
174651
191323
855940
54110
852632
559328
413061
455321
171391
153718
636416
934946
145721
249556
453778
912714
980786
798908
263381
391900
534756
162532
113172
169045
157547
589900
682930
812046
236561
762239
151629
878819
921853
719174
207046
35993
113374
479556
841054
493382
633288
970624
679857
940816
778464
71359
366923
375000
921004
642370
671721
174805
904996
135175
559304
513511
267305
105969
889344
274926
521732
777343
597404
776881
481710
542820
802003
34672
691500
180705
202272
580325
319011
325107
759893
740158
385726
163524
645109
799070
902862
810787
405335
776288
472158
166991
974360
379688
149463
872382
230534
271089
508612
298875
573868
975035
527782
844756
724247
613803
395012
616182
524176
783035
868340
297222
404479
460028
692560
238025
355771
354005
615629
823180
581707
478329
55888
561392
565360
133457
44039
985763
682458
192432
925303
588804
186801
134284
413893
224327
48427
480464
643597
158108
747993
374335
697381
77281
382312
168239
128279
697338
471911
141957
875118
508767
766120
345121
274247
877987
762521
700286
733027
739184
679477
834842
489437
880466
326100
585927
277489
642376
77606
513153
961307
492300
109502
578366
465289
235772
371861
302139
594147
541866
844548
387002
608605
939509
280097
322420
390331
448204
250480
685517
824108
377723
684643
194957
520454
874479
722971
237722
729112
53487
625638
337206
597969
854559
700027
454185
712914
566357
377899
242408
651393
382456
744980
476036
169040
776150
724175
895996
36428
100837
912751
603877
747728
434930
284360
342873
525610
224381
526130
331685
541548
419627
864909
663991
806501
908588
586995
688500
115913
31203
42259
494590
696472
60433
204033
170285
152453
410260
873365
360257
231895
299431
397088
142819
993883
909573
526854
359819
754884
504042
134983
75905
289175
219817
922711
827328
859113
865380
700342
765648
608511
983682
892158
360119
699836
493811
693393
683051
91674
190433
686553
785720
986523
348643
614899
251504
389677
300186
541502
634894
674322
938079
208592
633751
130260
144052
368208
551801
747739
372588
486901
538090
24931
120607
674680
596252
963872
605573
996982
657579
955857
483824
686560
291725
717237
902613
352709
260987
952490
509026
243535
264311
434107
893068
598758
436683
936492
855849
349200
904907
627099
369942
576694
952494
823682
361986
928699
974882
401233
992883
576079
951285
725550
548723
511371
93438
494301
817097
320741
99884
233594
70666
345517
61126
762060
268071
514057
370610
227818
872456
305885
885022
798837
834420
619620
859651
989338
274275
793410
525062
828431
585517
131639
385374
543282
355167
496074
806918
797557
228640
383124
369467
430466
497609
22277
308884
269757
519408
406123
215181
188723
297953
775304
270095
175293
213024
106770
886185
16208
246198
608187
578770
807110
776765
711382
817732
189079
12831
944293
465675
814762
514248
391398
9586
822373
811592
904849
116625
735428
637153
609544
450942
846695
491562
825719
216751
131581
990645
189388
618529
679660
596133
260004
549841
631075
789162
81667
144177
667873
87926
738569
376012
27620
139194
310273
916397
828097
842987
724402
678711
905821
797386
286488
676517
233151
122730
432410
163846
718080
75031
134025
550736
961666
499949
312972
339655
519406
213493
494681
973869
30593
408345
605383
922020
363879
908506
905318
955672
236089
86557
113209
709533
678519
564168
494774
878455
20594
545518
259156
907764
469081
815873
858932
161322
764113
68514
570705
517175
334669
806462
274403
447021
218694
314920
482420
59509
804415
772207
290540
741655
641238
662500
744219
309320
422377
970160
410799
34453
484730
22223
704470
700155
926581
62829
389122
563719
800805
908801
479535
395926
654538
687365
586304
844562
35136
395799
998689
932606
791886
922256
88538
322294
902447
590396
815697
598029
305283
681986
475776
418470
686536
390706
948101
266706
843253
489365
413227
41069
592988
747706
103217
99896
26066
975440
907314
583001
932442
697628
408070
642787
741643
209262
372158
102943
190897
234810
809366
279775
902278
520970
726536
801489
695526
224473
979449
380623
659610
860008
105802
521749
601961
26625
678157
379107
96964
186554
986779
90859
119119
416652
90883
745581
193871
617144
972550
720653
704088
451999
653181
381437
71388
239768
906806
754277
481386
414235
420562
113665
143885
30831
671519
891745
352488
943556
609237
99337
238068
601454
696449
821595
229046
701213
314949
842036
325912
64722
412620
645815
528463
961892
817559
83925
441756
747075
387806
687338
146468
950019
643810
662583
177196
752517
258878
649819
893013
713537
969648
897749
461496
498372
484937
780511
358628
136115
556427
560239
21653
456530
549268
948036
706191
318892
900262
322446
142097
290448
211371
307577
62316
137238
342469
379943
11530
115847
296391
378709
555729
751625
495748
310336
562562
586067
190599
479706
437256
500772
589627
738572
913561
362337
349738
525679
635593
853432
8779
626286
600772
492330
445909
950826
263373
648770
113993
527074
259590
183705
545939
371436
24521
647796
337027
753927
973942
122642
95367
957917
76181
306358
811426
649011
139865
875642
421947
164243
789473
996620
139313
481838
738771
766507
979084
117756
372479
979515
277149
219604
384814
926187
592519
441372
99632
575670
653364
659316
784461
382548
225995
300156
504808
264709
216445
312116
956190
518804
962780
29650
715231
300848
654816
324476
426871
196466
483406
883978
514373
925599
356069
63379
614649
986708
571302
707977
469525
783560
863783
514226
444175
64861
326442
222669
455731
280588
433452
167030
49210
453403
693586
143938
244685
189848
914799
682540
256553
973961
604428
137760
745402
271136
930111
24368
854323
61029
782809
908421
411735
351252
591763
337920
627195
694795
331802
985551
164362
887270
254152
299730
425427
745653
806012
930851
223865
652985
170451
43397
771325
126177
189208
168883
460560
327003
488697
916781
918769
269403
207493
776188
241146
659718
148326
280
88453
486451
200638
682314
321309
391085
767020
951766
862265
959835
564229
631941
587804
962644
595755
263066
957562
854825
680664
429667
761155
341041
118034
852273
855863
265535
812463
340307
996780
781116
562185
531636
582708
260257
470385
508467
447767
131709
432446
518455
216454
767314
748928
688231
64357
254053
338776
557476
198721
502546
17882
2250
914559
100659
312299
667187
629205
313092
14398
725466
129861
252634
666921
715836
563116
128519
126973
235023
287652
672199
165704
288133
846985
451844
373822
956683
36046
977216
371498
54077
152842
870077
375995
181675
102933
630761
22519
789406
915193
900138
36416
323171
692743
833463
824878
474689
390036
880692
189014
285761
923405
699706
415378
74881
273210
684864
882281
872858
321638
909492
187494
825117
438866
518320
727785
595252
430038
812861
932052
772061
522323
337271
65897
27459
546913
889475
274279
946106
431757
429998
751365
13046
59761
629315
482982
375334
852417
596564
432643
492548
329652
544807
894136
7121
908029
525456
898010
771085
68927
382348
247884
16201
155880
735500
604261
950478
46842
816722
734304
390438
514173
788481
696308
924857
682592
912422
431250
292200
784975
96677
352949
201022
434767
729591
97557
58645
37702
850369
464334
377095
720765
788494
53941
117503
261471
137447
292947
876019
12833
817344
638741
191747
224694
903291
900873
261897
793179
350460
551724
72605
859510
183142
695201
395197
216876
299258
781229
93671
274142
482938
350538
407711
915751
148638
581453
83351
487565
1092
111390
685869
742021
890049
569554
335314
554140
865776
212044
612428
194529
4832
596064
503599
89302
267170
674976
596665
445507
246305
15754
859990
56345
753498
563758
388455
951916
751726
870140
111641
327467
210763
314425
328760
264805
204733
54436
507960
850980
706333
684945
62495
996891
470629
207785
979519
541392
116691
567347
939041
101501
925169
493804
468528
240336
134422
13727
157245
983421
153455
905685
388890
603596
531463
958637
248614
762286
340740
201905
932162
106746
379950
189878
200913
876463
635839
298935
402011
507866
96126
69180
832130
886784
864771
515793
912045
609111
654027
92250
787140
219809
765379
152469
196065
254662
110782
627687
816348
510347
170943
784889
856965
730757
97997
925931
475601
988708
33137
840022
867417
619188
245701
521133
852811
596276
721763
520656
331714
46502
114367
907026
616143
439619
930829
644709
193503
364927
223458
551346
190696
980308
942585
903804
701447
574739
555834
653501
169259
522277
981182
149866
843080
737394
165224
471696
410507
738871
324966
489340
36027
186035
314727
379602
286391
938143
398523
798643
838838
62426
733694
784409
809047
843990
510868
668869
581809
135053
564005
61210
97128
645592
621481
158229
190650
735900
404165
489276
434271
695474
499082
287705
810146
403686
486767
487424
357486
574056
547694
898064
785619
8166
336254
498942
170176
809902
370567
837892
467503
205431
552660
282939
79565
457648
565158
487244
218872
68940
126485
39047
153867
253184
64272
983319
62071
603126
912995
955181
122772
373540
280204
471072
972396
132949
490180
678775
483883
624030
96533
889885
354973
112236
985716
931082
312304
993352
572627
109112
888039
309591
406701
755021
312840
883886
588737
431614
943224
873073
580402
926337
192303
277401
795945
877841
67657
235366
737477
484631
460108
416875
211314
215917
707547
332941
343100
730692
575462
528189
895003
200541
432474
27425
631307
132935
247561
261669
400225
312617
623113
625497
878032
445386
636607
577797
133429
775253
163511
978004
326698
144583
617954
271399
684778
846313
106293
449439
41669
617646
645137
25167
899251
115409
624054
232015
401247
905767
716705
726857
483901
54223
852872
886886
471879
534960
301399
199323
174138
152080
679689
399048
374133
115101
700946
276889
588520
297612
151490
207875
112459
448335
365304
467297
673606
609519
427047
523131
793852
295377
290396
371913
725520
317602
366626
308376
682013
694496
586815
407302
715625
538930
745875
416261
471324
218837
917470
264879
731130
424585
596980
355319
952867
989707
84342
144053
848618
344884
135522
761613
404393
559078
395756
466600
817427
28815
366749
960839
437948
974981
934470
666255
13129
347145
650031
206929
973452
547368
298796
464611
219431
504491
14865
42662
919907
301591
277927
814748
105380
932606
566545
104971
662451
513458
469586
80243
92537
432283
646589
204404
950678
52931
55789
313104
783770
141264
261452
540665
496857
957249
670215
204254
196116
499230
218505
294146
862761
465314
324529
753523
32819
676350
703921
881889
771626
950918
471024
94370
962536
975162
166015
113749
72294
264627
707476
455289
507897
278367
534116
923300
760899
614261
263148
983594
849204
36361
898743
752903
678068
663944
102111
239843
20134
377025
740842
238850
117691
64905
894532
987093
856274
479626
132542
864281
318678
501726
396722
545510
109813
99370
323126
529032
781041
677728
986666
21669
706267
934410
357496
258163
787301
511631
136612
651936
724237
618414
266192
720331
614218
620564
525677
706402
905392
575607
799223
921897
396424
302127
185511
791922
373816
650688
964110
106393
928107
786630
168465
510981
88368
789153
994018
922685
740341
864998
332616
670981
342415
230017
996590
504254
985296
596513
170502
429130
351846
116552
480170
266554
81017
60472
638993
217632
111986
195529
917207
366598
921583
528032
770317
994687
730271
567477
464096
764041
511247
437114
182712
899877
316911
198206
110613
650886
124747
280096
55916
652546
203803
223741
516471
907925
277609
59285
75194
722812
925469
837831
482008
546078
729467
551134
798388
284761
127727
766041
579722
667955
223895
431389
273524
271837
427273
226666
877014
111213
926738
512199
540033
381522
216053
510346
230737
347216
382108
223340
340355
294684
478287
519550
607199
482852
96139
368649
285044
999379
374032
618199
70649
61227
424385
358366
363970
486755
641790
755390
602625
685615
14944
621246
526083
362359
723247
688604
583063
154621
470594
583768
184015
211973
426570
321874
644702
199652
730073
969338
370272
512562
508569
823925
937404
799671
904156
807551
140333
75312
968922
145799
329967
354812
567964
291221
990709
999612
415232
979967
352331
6968
764392
531714
511843
793648
723824
939505
434668
224681
548246
710254
938652
391641
749255
54774
497458
920914
669748
478544
783934
488968
830197
882662
891321
847732
904812
737521
55279
417618
404550
61176
132324
323079
888840
420036
793085
185619
721246
714045
13133
822247
967911
622759
634044
480952
71438
733760
124846
4460
179904
9473
845645
78456
19610
683417
287951
835427
584727
580082
268473
734326
150514
7513
696775
221900
821913
990665
736662
599470
277048
285901
160006
343166
985828
6143
703383
277530
251688
944919
26413
110248
737013
161609
733831
383040
529165
144158
237691
792518
217782
73148
352082
166521
635355
21813
321953
208159
290927
275936
932891
756564
59438
693967
986567
263478
313382
863402
755056
736487
519515
521469
375156
527443
194372
581594
505279
749291
744309
28398
40765
887934
639193
429266
489539
158593
450027
759015
439965
650177
324604
578245
656167
753247
827264
41759
848591
579880
196083
94198
450005
158521
589887
828853
375955
959129
805756
333308
536268
404621
947684
383996
58557
442448
827899
552123
594424
498314
582760
77756
139206
748319
990972
956888
818104
699755
140779
847846
818476
83388
977559
908967
528160
167691
778486
177189
914517
920732
46979
415716
744218
474540
614702
55310
689908
193501
931858
243795
286610
996268
941593
837936
86204
233046
774780
438181
328272
601483
369772
21677
244185
140130
593034
960762
52074
789130
664893
104607
868166
630330
608205
626540
648429
630484
741769
741352
373210
575615
117824
295302
793682
67406
224335
939475
384295
677705
507043
889919
637077
919569
783375
185442
443832
882807
414725
900869
440848
66008
118929
118875
618707
969885
298618
795826
601642
391690
245535
681826
59471
3979
942892
615410
215119
359263
410278
146495
990765
375623
424652
807384
309189
202560
489726
50127
155783
394346
789011
393904
502492
427646
166971
776775
434732
125367
562221
765625
461983
45198
749442
23456
376938
272059
200629
165132
567655
985537
127016
385341
727610
153057
424206
624250
315903
171328
773323
173606
185554
557021
541782
758968
692156
831768
845538
74513
387334
797895
244796
667483
214610
728476
509945
86716
879058
204310
747494
686341
636189
253274
326473
230811
575999
148494
87972
634180
843250
766306
350490
896590
472520
555829
833678
403503
993302
199034
136778
251393
347346
490543
811049
349093
486669
309020
339028
294331
542520
124447
666200
47407
627537
292562
846043
261789
436647
243589
919123
335153
127347
532220
255801
466266
623648
775231
418655
642120
505334
287455
90053
287130
64047
680631
753660
367728
506716
568219
198616
230136
425633
215342
296016
104170
58401
117121
181134
404243
473871
450097
132689
612144
666772
801058
238325
584014
95777
436063
611157
892675
161879
499208
961513
552870
406279
155418
395197
405281
773856
611322
838633
244772
176514
692514
739886
984774
598811
763542
801666
256815
190239
305659
144775
367535
866399
308151
205461
871957
673095
677617
142935
466003
614366
347948
302227
638934
318721
381827
953832
499330
971346
206337
673232
886534
149543
652170
430581
916463
690984
274310
996415
241759
718836
49539
689090
407764
222503
923
489652
116804
55074
278350
51924
489168
640451
131293
773469
873677
204512
23577
998709
733785
813199
801862
135396
75046
944499
573749
120252
884692
828973
27437
15400
287401
274534
720171
750614
513610
373219
90220
609316
622991
110384
146263
636658
146869
851216
258335
770228
340692
695852
52241
635255
331035
788502
986113
28533
449526
767118
795938
231407
555186
679213
855898
880972
618360
574642
800092
797398
876916
368329
535397
958932
327733
821130
29889
29840
526
352741
341994
376718
432748
157795
82597
922699
81709
118717
272185
400878
343873
447477
495990
700809
173114
852345
501987
861354
364202
632376
396582
616141
430371
68590
394437
116338
738435
618428
114523
798433
308909
775923
202224
695148
982822
940715
871317
84268
123557
165340
282295
70477
627785
738496
464057
290835
984389
175140
757618
883597
374706
76456
98077
680395
427623
552815
385218
800376
236696
549105
835030
456611
221784
56375
746049
14774
485379
649882
73964
335523
837192
455115
443882
553064
991139
299421
582884
237880
371276
876292
555757
5133
322647
597321
144939
573394
634434
869915
506515
664350
511667
743794
651194
91013
815892
766533
205964
954184
455589
743240
17836
894576
818532
901869
906864
500760
74222
401218
517417
585049
357725
601296
563161
329557
786247
888367
747168
705241
875900
783442
869947
206257
966258
106807
232789
510217
258374
820923
379069
712697
717643
207542
543756
319501
178392
866646
869284
614186
769806
18590
885385
79751
931310
230797
758732
402339
508986
909924
235208
429170
748359
96496
761177
271420
205566
920995
362771
592509
811485
827138
120954
970109
281810
106370
869634
599436
479634
58938
864783
260386
552082
514643
336833
716314
536511
493092
111776
955773
232271
153731
579990
231161
937455
922155
363998
963050
697133
348238
865074
181193
265974
170125
394940
605223
720338
96425
934446
730658
56552
765386
594700
677605
168631
974117
651310
714496
223663
229570
426676
205279
453549
559589
767857
238309
112119
828669
522470
979030
186419
463317
928571
5485
139434
820686
24106
185725
795094
628780
600383
958144
219636
639546
462286
965935
626622
478964
783171
350023
614803
991981
767435
611839
130564
343291
829063
710131
306850
111307
721050
336919
912703
679923
701386
652973
746098
423553
596617
456172
887419
980869
240599
129930
534384
526471
783683
40122
984010
574632
180040
469270
121804
121237
184057
871829
317126
266355
776366
5552
171382
403109
206302
164647
204399
96921
232251
891407
975265
711117
43086
109774
675448
163222
531807
878182
522761
860847
875596
674184
270724
673732
953356
998307
648459
448842
684550
635515
103194
122732
311951
488777
942671
250064
153701
989378
498067
559657
277795
148864
317155
784452
420525
24429
148449
276325
526897
92259
269267
93365
630898
877228
365644
43933
19310
116976
856821
812520
86297
763010
779849
282177
486923
753184
297681
117652
444784
165186
624870
206297
76096
70873
86120
295594
429934
475512
113211
354541
636107
624103
888906
578930
804018
766908
5118
26037
779398
337155
437863
602615
279407
667588
199972
422663
832078
795922
559180
890158
561883
806871
360200
900438
872391
913782
301910
454828
929044
753877
360206
488283
427551
713402
562035
841713
38942
965146
613390
181520
951146
71989
4670
426491
460562
289752
576462
296373
631212
485997
456407
655171
393497
54275
756855
848005
107627
18766
852537
989027
575835
896704
344433
690056
771148
259432
735927
648169
328936
917898
268004
642366
741854
421551
962751
819561
314066
722062
953365
645120
31561
267579
777581
219605
245034
163986
186243
458300
26586
712247
887004
98517
760385
339390
932277
562822
22091
664485
528284
886341
286952
534130
584536
815476
561152
60597
487839
516117
683465
796015
858436
822048
732943
414945
83074
704052
822347
413123
974084
736497
953784
149015
491819
509747
79504
906743
684753
888157
710678
115040
15298
503234
395289
285105
77551
456656
832894
155914
8451
1700
961480
61182
582071
868419
715743
190333
934659
998809
637544
419144
998475
926656
722457
707286
581155
604518
86905
792681
176314
369539
413186
386219
395248
37171
951529
687287
646603
69782
504680
508826
862953
751481
529602
298679
826369
745631
950663
370781
465387
260446
57797
126894
979136
48737
100749
791833
946519
927028
731149
979437
349234
92864
903637
133364
775613
488932
377614
166062
185258
595202
289800
990816
645802
379749
354907
512236
743243
410514
46247
321613
909614
393101
417444
177553
910809
977927
895607
460896
488047
617495
561132
695026
389666
224496
497486
995286
450802
368330
292655
356085
34947
942885
962785
952379
181374
886903
957543
370380
470553
100666
820830
822075
748148
142011
729106
532208
700626
479908
411588
246775
28502
86779
624579
655045
193451
142229
359945
654718
521908
186338
652951
402188
563562
876011
444205
94284
341890
591852
413568
150538
186612
614250
940539
604817
725177
48090
600085
114723
192000
740732
511379
694222
179560
478052
850307
773233
791317
680945
778677
844278
733843
759871
122505
827603
980838
135316
646554
232546
991722
339610
880424
990338
609058
141449
962397
879688
256029
576788
65628
743597
855434
547618
583502
692360
418838
471664
552268
221560
592815
620060
664090
636401
757474
48988
45089
935409
440450
123922
115197
839586
625192
980692
444438
224233
734370
756939
861854
418998
661532
837193
974685
992660
661831
886752
599923
260303
389598
95957
523805
822562
32794
916439
900322
348548
118387
181646
933068
983776
707970
26211
36730
820891
138984
971057
21032
392204
317085
452445
389616
704627
331321
552084
356728
74196
960443
47967
21250
219220
736076
532102
661132
766997
888684
286332
26575
41123
591715
652531
475470
79146
732898
563437
738867
198959
74447
183414
52227
93895
984645
211750
506539
730902
457746
127117
314624
70542
906455
235890
164649
110919
486194
678350
736704
814942
945661
696756
671401
456036
43218
160585
37926
788685
348686
304736
786501
841595
754628
676629
507772
202933
692599
291576
572004
180251
923608
713367
839152
64430
489720
348385
708892
350413
385436
571385
341419
643305
172644
797386
308609
326178
701448
270744
717125
501237
705852
347004
411630
232170
882551
483781
763726
964162
717080
550889
134473
368648
981312
905085
611719
43892
800135
834714
440345
222356
325641
375055
437503
597860
202787
397959
372683
796477
858494
647467
78733
278652
76994
640651
971348
514992
797941
161372
76162
346376
607889
667220
532999
603174
440043
429080
588235
503473
557643
546190
975618
970530
853343
538339
747719
927133
516847
263359
101951
594368
679985
388316
438485
657680
351462
397563
210998
514765
393159
750341
103118
328631
317694
884490
328597
473524
340942
707362
252636
142126
627496
864349
752271
182888
621774
909932
768399
974596
280938
67193
611695
644632
531439
558771
814860
136290
751606
403762
102045
302969
293060
410169
467596
927720
182676
67388
818849
712735
734384
674385
562360
896434
741662
906431
652500
256241
48922
77410
447474
522841
475251
483350
699867
525234
251003
880101
957322
35260
88440
651445
689974
227602
406778
911667
140497
797000
468835
395573
888637
988328
188570
55534
141069
701908
721937
122907
600208
363606
35164
693685
35577
434979
379133
360850
161062
730794
382167
25792
591053
615927
5751
125253
105397
36671
577815
17196
841279
605031
80653
359522
89345
219432
388799
648324
963427
255836
404055
163258
982705
225788
507925
724811
607481
492361
577848
858869
630905
321533
862194
299578
66749
485568
855799
557630
276920
670085
830663
133402
934773
413090
201979
309690
656564
575213
141860
215924
832707
901656
725465
452559
675071
863984
211245
576352
912375
427474
619247
557659
121572
801466
33911
505265
477863
361020
612918
782964
952876
489664
15717
776979
362494
3541
620126
919631
294454
754536
411646
582285
960331
458019
281560
204083
22624
677937
308458
105046
502189
527467
693887
929651
365144
16640
465887
962517
823996
989072
671758
64196
707834
496117
456726
95323
732657
51970
315908
394496
76354
820423
939539
301741
345789
996475
926278
722377
793116
138112
532467
827723
96519
919037
488436
553842
494934
254184
48065
388798
176110
307285
300901
527295
204715
717738
672059
966448
379951
762196
439047
987343
559330
131079
869158
846395
530870
497311
72836
941963
637266
969229
325772
292261
497581
855143
288282
967004
840560
894552
91875
671637
839989
106489
996508
337556
188383
972614
391460
675619
417176
184507
133844
835683
906972
154525
307601
693795
758482
177809
633313
694660
539805
94303
245469
440933
272913
691828
624082
670788
781978
381015
478307
622689
355032
733887
194791
461364
726289
442784
522047
121739
890402
956210
428770
97206
705680
641573
708408
104078
580890
592262
256973
429677
590425
160609
294057
608689
131249
286122
382396
995524
732451
21261
328006
861232
676626
430811
791251
444649
198863
102309
534926
229081
634416
894790
661038
622465
88934
647655
187693
960665
214395
552050
809435
618882
328819
496890
110724
709258
36100
94883
456192
686582
19135
639008
11443
447970
895155
700469
307417
969151
881665
566722
463776
260560
702335
891535
938658
7681
794920
65421
850828
75873
513895
377326
85633
675500
779788
31464
53730
605629
697364
616017
627981
521126
516127
707487
347284
466510
564254
614787
224651
741282
172262
490322
824822
837993
789399
623706
353485
625714
141400
115223
331293
753933
899316
191269
294736
775908
74005
525827
755258
393601
348293
430340
495748
882294
484389
75868
506851
261433
303753
250173
702823
463646
985844
383968
913921
680137
314570
778299
647566
956451
836151
874857
308602
425874
13146
344786
865842
629467
929735
288979
888239
668313
52642
608513
919756
750828
393290
162073
853762
388216
327798
582513
228222
668756
140528
597709
656961
952988
326372
917229
643965
76671
604844
73224
712908
380862
374644
96213
846439
168753
343307
116908
773008
123027
482580
357586
328307
653468
691779
69171
508086
776816
326500
818469
211848
418553
984017
500523
511669
146449
558416
739999
390762
986746
185061
547763
985704
614713
747030
612023
342782
37558
872713
536025
819645
439358
277709
380255
361935
985945
484064
568375
740087
637145
252075
937747
99371
318222
255264
545583
813829
116819
592559
256065
998269
614688
814280
167663
372383
104732
328682
975779
136534
874825
714640
418729
103934
383242
93329
349673
399994
121129
766660
192503
346320
569108
883799
479747
764497
848536
746628
1625
250507
691716
503526
124655
547047
602281
993599
191040
176281
40508
735716
468063
796103
410008
191254
86589
477080
185641
560232
505318
398701
593821
20978
557082
749958
494919
113846
233131
161718
20123
774292
783528
782959
173456
460704
5186
735484
328755
87158
923295
192510
346618
513132
422854
959805
691189
550136
29945
180811
568151
916616
82596
748538
116523
720733
492847
556834
722644
40517
399583
269635
617571
846531
231843
69735
606831
739659
268847
11980
321442
731710
994907
159750
273197
55325
733842
906206
584895
635760
493185
332027
904289
425032
97758
233280
360778
225414
963177
40403
886930
278871
784223
707829
797175
800468
799018
258798
525571
59558
884802
247612
185500
302493
759445
593839
375628
517348
68491
359084
930114
824086
591981
418293
179963
993549
794827
250835
309795
174561
109053
640307
340761
831632
831811
422361
162402
409540
706785
123876
763222
876799
492274
343186
146930
407329
81582
79087
20902
573072
881112
74254
232712
247110
607356
86249
259090
887554
161032
60590
964823
687951
54878
411588
953252
489572
445552
305378
734713
374342
402512
465666
835310
455711
376456
916020
761981
220936
586323
477642
704858
747530
310232
381661
803251
995566
915061
26066
282885
935573
458499
611241
872415
488719
437542
454004
361698
539053
991767
424417
437674
762660
232485
751041
295515
118047
118560
623843
575087
228607
486814
223908
251845
324559
261317
250426
637541
484702
697130
538113
681905
735166
178338
125573
139583
547374
998885
127633
80982
217789
971550
414239
120354
143496
852455
728855
676842
212032
985164
115765
967722
464853
590726
422794
558207
446451
869765
487921
91910
356801
648082
492235
752937
225119
277012
150879
62151
458061
520153
851428
787144
712549
825020
752782
811253
388265
482223
547444
771173
800690
342515
334757
177627
686097
850778
599031
91501
392969
935950
925101
717263
232926
203232
88245
315672
650456
14722
508361
605085
197146
674095
13219
970487
551833
687593
119605
170929
166275
323046
657508
527436
900754
668676
569718
532557
837990
694323
67416
149111
821287
610697
801534
130947
722282
675367
630934
358751
628086
175226
610423
385534
731206
275411
847758
766234
429417
570336
547249
187949
402266
390793
312789
655704
485692
876268
127439
894182
78186
331394
930989
999246
367028
809138
220135
300031
939140
61373
347191
754810
238132
682520
545411
262500
349797
23978
135024
262071
949002
491244
212520
895126
850129
915751
721849
602723
237755
270659
433276
996644
254947
837024
299643
942705
499021
594166
691066
298993
597397
403848
509123
281314
273616
349331
90815
727917
214030
778272
181551
377033
317424
328316
167282
116187
668353
152716
543082
594671
874873
98060
30157
148734
452733
44960
932281
499740
29625
977658
391794
912408
694795
493112
863095
695346
564748
222406
558777
823761
369988
893711
46353
493683
208933
856531
552305
363807
278973
584229
937708
827210
142403
702256
94500
686241
841175
78037
71045
515402
196624
525724
350676
275638
199532
6836
439310
451991
602817
651739
322145
788120
269337
599752
748162
578658
838397
99410
446411
692350
794143
228993
413346
303936
718196
581078
687370
744156
224349
18242
69319
430019
890690
483975
850324
926841
587309
516642
24152
703658
677391
695517
468318
929580
159578
364822
113231
428427
655079
585053
70612
660232
38947
914956
654185
124574
244829
457959
823871
868839
96577
204908
632188
657345
461295
648059
183193
408838
899767
86284
511790
222378
315600
849859
354574
352541
969691
418205
47024
260896
518407
313983
326095
646424
138783
162930
848403
882144
958704
72016
792470
741276
802125
890066
239078
542835
742588
612066
245054
478677
697730
242241
639802
571670
935683
356657
646333
381735
730966
818779
70871
28149
424596
115817
955696
345332
244042
156413
545615
565090
903877
53761
399208
756711
452974
888882
331651
362001
773820
432324
836536
518826
684388
522669
542044
962477
48160
325573
16837
11010
306775
312823
577593
957233
172403
748793
209446
652330
198537
113986
142358
9185
600935
627170
214487
1362
804403
916040
890220
826805
234354
4104
241694
713302
697230
678731
773247
407575
716023
785536
8245
151227
562914
64230
772980
428185
223871
97747
238811
401434
718739
551877
101600
840991
565371
452102
615185
768246
785659
795253
345321
287586
487348
714535
648032
599558
226205
735759
892640
854934
20757
263344
411576
699749
631233
66679
20524
37510
445116
732791
224796
902366
41143
348826
116637
721728
529690
209091
353513
941439
51025
161041
254351
288725
775186
986132
660428
966064
709242
169955
62546
964615
752934
502157
764093
999586
57967
86680
984685
974210
518216
918798
112601
539977
421415
799177
535311
703752
535065
587556
383352
924632
781688
809934
430973
586465
588523
32070
755638
58771
857718
249545
134567
600500
54963
383144
520374
619862
795809
901821
230239
74060
45113
150649
354422
712244
139617
241403
293200
5686
774789
193094
402513
950598
184641
850739
73488
40700
335173
549135
216763
689232
957786
856926
517448
624828
569348
798084
173440
123022
18022
908676
822789
514874
822052
879419
88812
992615
403472
97728
914352
778027
321640
130998
840721
185539
660091
614224
838621
471675
556573
724424
68624
933397
555515
195851
358711
558339
839085
477902
186018
944780
99298
595612
135965
583264
253081
545362
927772
76852
185501
102234
15277
966556
689734
315253
594484
324679
424184
303222
305941
72529
764711
668296
119646
977709
548075
634953
12024
940005
630203
866968
160132
775596
278349
297235
490159
795320
337621
702362
413868
866425
12426
568691
411344
866369
889463
235515
810357
922559
215701
572836
557322
507788
167611
645783
961841
588843
209874
841596
945
183204
254233
941698
965700
411813
559033
331721
330101
875080
849916
395752
105715
109552
266254
749927
86731
258697
175227
330383
116546
690249
982889
12018
745433
966337
282821
786396
797301
477175
680608
704136
493775
818927
270829
966480
983375
263732
161559
194642
709825
747909
788496
97208
632697
100777
897470
450919
109530
385776
824601
289568
430288
260995
398664
35751
364541
274305
977113
929249
263796
964916
762255
964104
307586
623792
957539
200861
201064
177337
806548
622043
989911
649530
616031
477660
207132
729835
954286
751593
752582
760010
634681
77633
69841
165258
143318
602667
138124
178817
416298
612472
891472
852582
354853
840434
820371
979343
979984
925530
898374
50630
412311
765528
773977
29496
481366
338302
415636
911017
965360
298339
217558
989781
660640
583861
228137
8040
766385
182492
981017
275619
714098
335696
653602
128145
951462
175268
500337
395390
282678
992562
40871
799564
672267
597968
446315
139067
120624
79398
61003
103636
863334
750167
502657
486119
459711
928681
88265
168542
917135
953000
595696
750733
114527
486576
977605
942816
818971
773457
610976
462552
687747
545459
683300
168133
628258
842384
68119
57040
673117
890539
431204
853244
795284
936787
356462
122
912427
97530
638700
404807
600637
456445
341165
250241
52673
779940
52165
315492
325704
448908
638702
785451
854974
528340
951904
490657
749952
77882
461232
460193
464436
898037
898797
866104
314280
772813
300566
922521
780435
564299
93358
472066
700753
115906
605992
492395
4431
315192
140999
317116
242539
320647
576464
608372
980932
163381
511600
208395
200479
166473
436250
4081
961587
504346
182022
916077
801629
778824
583502
541484
92263
458400
833875
596354
543267
161454
972828
867333
875303
539486
295855
921787
928360
57010
444311
926417
22705
758320
800109
765838
605710
781388
98099
315395
251114
271076
645937
319801
574678
768988
653834
168271
819811
882254
959394
272167
722269
536272
810621
297286
957947
807400
783916
307317
277987
671068
373942
152521
157806
31980
42509
147903
383140
335543
686184
494517
655881
799688
911536
997460
487699
655637
131506
998450
911793
957502
442535
845244
788172
685897
874528
769650
77340
866150
895022
331427
97820
708960
951413
398897
745351
581827
92342
350761
245661
659591
508358
278397
499811
735833
744108
772821
905919
36786
874037
736272
695350
223435
108040
254580
883762
921946
162626
825624
806008
949525
747330
785309
892388
278800
404419
341083
553311
955214
692066
923850
770842
446903
529479
298413
575123
183190
623703
603549
681357
194867
919581
177479
661656
708948
115778
686331
87449
12568
711629
967568
561261
16459
550046
791322
522823
541523
912822
453620
54256
127112
838334
386763
258748
810891
46595
448030
425520
444901
594915
683531
972059
941363
554377
552154
941403
834519
822195
952360
635934
326772
317460
541501
438367
152482
246158
96129
819650
457670
369903
272670
576796
613465
411818
373450
251285
151078
780576
431443
444517
736628
896798
175699
40622
185923
282856
512725
63011
474834
722363
462829
412781
843601
296377
212262
898489
401472
920460
382311
878136
7924
249045
606995
787370
10626
718581
429357
120763
298042
604954
202763
881617
861726
272039
246984
948280
847499
949900
891739
926515
705546
345983
413885
712592
228758
8853
751256
755440
240657
30615
96834
51359
214794
594893
638437
685759
970475
657976
476791
402964
394264
69953
864426
239353
33781
592536
505989
990720
865298
436813
630226
931570
766918
426845
916805
642060
783200
878163
361842
654594
3036
269709
835256
670111
159575
118671
154086
987446
647546
668202
88873
162548
234855
100622
224104
541614
38141
537960
149257
944448
582103
593814
461982
827978
740275
112553
65878
138508
654035
645444
274391
379231
668624
502818
598968
940718
828232
596021
98567
808519
504049
126858
407858
581320
615672
882513
148857
233743
925006
793161
837327
539692
405802
482036
370356
202346
854993
672216
19461
659948
504931
748206
703070
589064
306600
649881
432962
751386
310637
792501
693532
849210
749529
541087
96074
718590
629068
868282
688676
916300
108844
205722
525854
959523
496082
125130
735568
613302
387241
539371
958995
645872
74477
469029
18599
530320
90388
856716
909523
757016
873102
988967
820308
670108
136846
896971
603802
603309
254829
618464
328133
66879
765747
200476
636226
581528
584725
510440
161810
691031
891083
47129
449344
345409
221489
577623
974827
5955
10415
709694
476317
712878
51804
622943
859879
654666
427913
520467
933078
585750
396898
740667
213837
352380
589612
880160
770760
686330
493887
454441
70910
268102
398685
923168
874042
872051
548826
858232
171542
587888
500843
746451
432378
343214
998374
587406
236357
454718
543540
730857
794847
44181
143366
30552
614319
860367
464061
321660
510270
424896
641594
405867
243708
133898
638105
226751
166111
893070
667122
122171
226602
363165
832592
874152
683681
550333
72790
813613
642323
940725
389469
861903
110366
467159
228474
780764
536161
865283
22131
841092
943158
818410
443705
340707
751767
521006
199565
790875
23854
165054
849517
506973
34418
854867
590432
575613
612968
659326
406016
827852
755502
265207
460483
433523
318757
151346
281943
861943
30678
456647
733375
547431
10954
386844
793686
183703
604911
980337
936550
696590
33727
800781
251346
76735
385872
52757
319661
649450
218702
32397
280941
376166
235146
248912
717454
687495
834906
98713
741507
827484
601239
100947
668636
116960
57976
909521
34900
664088
528322
988814
350076
540624
487105
969817
119136
85042
22405
597296
132337
330045
815843
958768
583581
389560
401319
573807
50143
27970
175661
441569
268807
350313
25357
176983
692861
980013
665399
135641
124033
681968
28354
152148
829890
639438
257734
460389
256055
559054
965372
526334
688287
39567
553832
855652
695636
471824
19358
190508
236278
181925
702140
595187
836411
358654
793755
664608
502712
345693
983954
957516
189805
583912
868163
24973
514835
341516
940846
722649
315483
288629
736479
445493
143190
2953
14778
672915
67672
708652
526743
766430
598400
328149
902877
398352
460239
344281
506132
351484
580631
299565
244305
76459
286072
466612
241619
114052
492859
644387
966717
903865
199197
724638
839985
676410
220526
3236
222876
729879
430803
149327
293534
783435
891567
24851
609669
299500
674964
46404
76746
843142
26589
842903
402443
903665
304577
588964
981788
585931
492431
758868
510409
160
492652
521839
310728
794318
123422
524089
19355
707567
666027
173198
552520
129145
314218
521818
977909
635127
561919
879740
365558
608882
685308
246565
941695
934413
502945
683208
925324
564244
956504
996841
122903
379874
255715
557061
322906
48826
98389
914144
185224
115415
103051
660080
371088
854581
431354
878114
753175
83536
715299
768354
773636
403361
708914
458479
617255
804246
94528
603883
586638
431814
262635
729632
728140
899737
268660
731366
204340
346893
443924
27653
178644
34979
303466
722132
488399
500461
593088
285898
730782
774069
369761
120980
32358
761618
428705
731290
683734
941057
116192
593794
326339
798717
427350
223397
887931
72535
115214
581856
700279
714354
332089
123721
534129
286304
404153
18728
560490
488930
64817
599109
731336
161384
240322
443050
377178
875888
139748
566875
671303
263646
263689
704737
728987
425746
913418
681226
741539
151591
415179
260649
257806
475252
411785
985339
550484
556016
612341
73680
218169
698143
422128
928333
826876
578058
257493
150365
677057
542660
123170
842387
992308
350205
616392
394460
555212
63019
104037
367678
110778
611389
671318
511707
745205
60490
357442
481663
690724
227421
156875
136790
581798
697512
249415
25552
154032
216240
877175
51951
15478
843730
884604
66798
379950
772145
628002
424804
927682
237823
129037
229833
342422
392007
387955
233646
289860
69134
808671
985905
20266
77731
907833
921318
332363
507180
865289
363622
856604
466147
244353
489957
208395
285753
372
10290
743597
533829
872457
206498
919004
577093
615853
183238
268629
245665
256680
772691
84685
19139
654700
499907
749164
602833
303413
692230
967330
31476
464742
116076
443739
922555
231318
887122
961584
18518
662854
926132
700714
200665
183178
909100
581730
895812
679304
775605
847932
936931
959501
631681
77998
543044
480770
769406
802909
656995
842585
988699
917229
235567
853708
372316
142394
979109
260871
31200
233038
986557
278487
323634
704228
443686
875261
878560
63635
578041
46134
220105
274056
676629
243030
849019
978332
848185
446041
836639
11784
598891
118423
905647
531335
782095
187195
782452
497129
617245
317665
874073
196917
113536
887761
474367
46269
901847
695981
338418
837419
416718
894241
762947
652170
991298
981347
617288
981945
286570
362930
602369
990982
180570
767889
127296
983318
902041
158987
195832
574540
260589
997419
35921
725266
617904
345098
689451
936407
106703
902481
627542
837078
278923
380055
907428
965009
861448
767750
140378
586702
239052
733890
199150
613370
768942
112073
205974
698107
616835
180829
813806
744367
848233
911448
653950
557378
540218
711906
572825
88134
720278
143180
381982
549560
858827
768111
255158
879968
643555
308748
536366
529535
658740
881956
615226
397169
667067
600843
915746
957713
332733
612900
46265
621220
104787
293295
238474
782690
789748
102348
734918
517365
15622
345652
618766
850600
99262
788911
404729
260500
144577
134438
242433
669542
535528
784929
706042
580678
784048
982780
716181
494727
999343
102476
28746
644876
469461
967958
56591
500293
20695
934012
237346
618002
361571
574249
787866
399668
631452
660030
366848
452043
634285
441170
674893
865008
769518
267229
150008
194321
666006
114787
391059
701523
119717
199818
953638
248896
704441
508151
444582
28978
144512
253226
419626
925810
578220
445894
596046
879094
457030
432305
676585
705606
362247
741266
160975
270799
333856
68864
22219
414251
585505
557041
430252
698982
947819
604412
198817
662869
907878
711291
256386
63561
80630
489843
120781
268429
410716
236275
335032
643701
269153
118711
636168
861658
106526
498904
207817
109529
732212
655526
371500
494815
968068
807273
707285
589013
973201
306406
158903
402401
58615
146012
538508
297610
165210
10581
341598
193401
920133
590835
572834
941657
654808
472359
779806
826782
338556
869838
764541
878801
670977
293934
966271
389740
703293
296557
540354
992375
350075
912653
7511
218624
838126
501995
340471
590164
375119
210771
855345
652517
119672
929431
628493
381239
143414
837305
211169
895843
278094
923725
900355
382793
953738
287000
847946
266638
952609
16201
632332
868336
1097
939686
962101
627217
521931
972140
439919
905066
709582
745281
439396
671981
854635
628326
423736
81259
643374
575229
44732
285823
928995
768031
268494
188586
326478
114651
133647
912793
710764
336936
818360
920312
919971
497725
869317
213137
391064
751346
842133
377083
984622
777601
466067
267789
35448
914661
941723
912458
665084
809463
519419
316685
695151
697089
184327
262041
671442
841897
103888
334800
296543
826489
59831
95746
554984
487920
863264
178169
284683
369080
569164
863728
591482
34331
396121
723212
370422
415206
502761
280603
412936
644467
578840
692549
113091
422737
602660
147374
540514
547982
161224
792883
59339
386717
238284
388779
570337
306198
371405
180161
443727
860513
232486
596177
775301
16863
508530
825320
852556
597416
734994
289704
728029
194253
158250
848413
55975
889396
821373
486745
305786
219023
738784
440565
248691
393432
567139
340390
539565
732518
691362
393507
416993
522142
490714
372703
793455
334523
401155
692386
731364
781484
833877
415375
46063
734235
838600
488029
823807
912988
620623
12113
208304
548667
737997
269051
234870
197649
661839
32553
594446
894633
108709
600498
518886
707999
670398
906614
814818
947631
990108
777078
502493
453190
462518
341922
847642
214957
932227
871462
471502
205543
943182
744888
684622
323858
210997
87656
917882
457712
918685
815242
978637
627660
728603
